ABC:529,530,531,532,545,546,547,548,577,579,561,563,609,610,611,612,625,627,673,675,689,691,692,705,737,739
ABC2:562,578,626,674,690,706,738
ABCHD:528,544,576,560,608,624,672,688,704,736
Nine:1,1025,1072
NineHD:5,1030,1073,1152
Seven:1312,1313,1314,1315,1328,1329,1330,1331,1344,1345,1346,1347,1376,1377,1378,1379,2352
SevenHD:1316,1332,1348,1380,2356
TEN:1569,1570,1571,1572,1573,1574,1575,1585,1586,1587,1588,1589,1590,1591,1593,1601,1602,1603,1604,1605,1665,1669,2049
TENHD:1576,1592,1608,1672,2081
SBS:769,772,785,801,803,817,819,849,850,851
SBSHD:768,784,800,816,848
SBS News:770,802,818,850
Prime:2364,2366,2370,2374,2386,2400,2401,2402,2403,2411,2412,2413,2441,2442,2443,2403
PrimeHD:2400,2410,2440
WIN:1
WINHD:10
NBN:101,110
NBNHD:107
Sthn Cross TEN:2049,2055,2057,2058,2060,2068
Sthn Cross TENHD:2089,2090,2092,2100
SCT:2306
SCTHD:2338
TDT:2071
TDTHD:2103
